0.21319580078125 -0.28867340087890625 0.42755889892578125
0.14874267578125 0.5736541748046875 -0.5809173583984375
0.0667266845703125 -0.4529571533203125 -0.551239013671875
0.23687744140625 -0.48348236083984375 1.198883056640625
-0.2390899658203125 0.123626708984375 -0.07869720458984375
-0.0001678466796875 0.24263763427734375 0.494873046875
-0.06585693359375 0.07733917236328125 -0.6222000122070312
0.1680145263671875 -0.03607177734375 0.9438018798828125
0.28179931640625 -0.31804656982421875 -0.08221435546875
0.5105438232421875 -0.6971435546875 0.5283966064453125
-0.0824127197265625 0.5938339233398438 -0.1658782958984375
0.228302001953125 -0.61590576171875 0.8120651245117188
-0.098968505859375 -0.17839813232421875 -0.318695068359375
-0.0631561279296875 0.00634765625 0.21872711181640625
-0.212921142578125 0.32659149169921875 -0.4108734130859375
0.0731048583984375 0.01335906982421875 0.6675643920898438
-0.10711669921875 0.28041839599609375 0.23921966552734375
0.0997467041015625 -0.20633697509765625 0.1472930908203125
0.4378662109375 -0.37325286865234375 0.29087066650390625
0.088714599609375 -0.17787933349609375 -0.5591888427734375
0.1724395751953125 -0.31662750244140625 -0.33570098876953125
0.0750274658203125 0.3361358642578125 -0.700775146484375
0.1428985595703125 -0.230682373046875 0.7464218139648438
0.1810760498046875 -0.328338623046875 0.9906082153320312
-0.19622802734375 0.37908172607421875 -0.03411102294921875
-0.2207489013671875 0.042266845703125 -0.36817169189453125
-0.1067657470703125 -0.1466064453125 -0.0639495849609375
-0.0790557861328125 0.5451126098632812 -0.42728424072265625
0.0744476318359375 -0.13619232177734375 0.35335540771484375
0.2833404541015625 -0.5106124877929688 0.6373825073242188
0.3547821044921875 -0.43372344970703125 0.4608154296875
0.2681884765625 -0.2902069091796875 0.229644775390625
0.1008758544921875 -0.30556488037109375 -0.1544036865234375
-0.21356201171875 0.42218780517578125 -0.2183380126953125
-0.0143585205078125 0.4664459228515625 -0.5862045288085938
-0.1585235595703125 0.22081756591796875 -0.5419387817382812
-0.1334381103515625 -0.0154266357421875 0.06072998046875
-0.25909423828125 0.236328125 -0.28401947021484375
-0.191558837890625 0.2541961669921875 0.04933929443359375
0.039794921875 -0.224884033203125 0.01251220703125
-0.2433013916015625 0.049652099609375 -0.20752716064453125
-0.25189208984375 0.27487945556640625 -0.1406707763671875
0.2177886962890625 -0.2580413818359375 1.1065139770507812
-0.008544921875 0.10729217529296875 0.45847320556640625
0.093658447265625 0.1346435546875 0.7351608276367188
0.0872039794921875 -0.102813720703125 0.5901565551757812
0.1377716064453125 -0.13521575927734375 0.8490829467773438
-0.101593017578125 0.14011383056640625 0.2360687255859375
0.1801605224609375 -0.39691925048828125 0.8682632446289062
0.0169219970703125 -0.02191925048828125 0.41017913818359375
0.1829071044921875 -0.31591796875 0.6428451538085938
-0.17718505859375 -0.09548187255859375 -0.2379150390625
0.0055084228515625 -0.11181640625 0.18849945068359375
0.21502685546875 -0.45904541015625 0.747772216796875
-0.15240478515625 -0.00930023193359375 -0.47855377197265625
-0.160980224609375 0.49390411376953125 -0.32639312744140625
0.1349639892578125 -0.20581817626953125 0.50830078125
0.1980438232421875 -0.5286788940429688 1.0727310180664062
0.195159912109375 -0.573822021484375 0.9407730102539062
0.1601715087890625 -0.227691650390625 0.29177093505859375
0.2552032470703125 -0.3851776123046875 0.5454254150390625
0.0043182373046875 -0.23551177978515625 -0.392852783203125
0.213134765625 -0.27071380615234375 0.0980224609375
0.38043212890625 -0.5479888916015625 0.5446243286132812
-0.1541595458984375 0.49642181396484375 -0.09671783447265625
0.295318603515625 -0.6520309448242188 0.6953659057617188
0.3165130615234375 -0.34577178955078125 0.35340118408203125
0.01422119140625 0.6648330688476562 -0.23693084716796875
0.0530548095703125 0.06105804443359375 -0.6928253173828125
0.499664306640625 -0.5687103271484375 0.47573089599609375
0.3379364013671875 -0.300689697265625 0.0440216064453125
0.3915863037109375 -0.679779052734375 0.598602294921875
0.0639190673828125 -0.06739044189453125 -0.6402130126953125
0.05682373046875 0.19869232177734375 -0.7135009765625
0.225677490234375 -0.3354644775390625 -0.20842742919921875
0.1257171630859375 -0.26291656494140625 -0.45534515380859375
0.39117431640625 -0.3194580078125 0.1712646484375
0.1992340087890625 0.657501220703125 -0.48193359375
0.4748992919921875 -0.4582061767578125 0.3947601318359375
-0.1787109375 0.11623382568359375 0.06264495849609375
0.1063690185546875 0.4639739990234375 -0.6555633544921875
0.1560211181640625 -0.28841400146484375 -0.030364990234375
-0.201812744140625 -0.01909637451171875 -0.0967864990234375
-0.06219482421875 0.2102508544921875 -0.64215087890625
-0.0553436279296875 -0.04669189453125 -0.571380615234375
0.0494537353515625 -0.28737640380859375 -0.27732086181640625
-0.031402587890625 -0.15338897705078125 -0.493133544921875
0.0265655517578125 0.5722885131835938 -0.5141067504882812
-0.04461669921875 0.34293365478515625 -0.6298446655273438
-0.0125274658203125 -0.24111175537109375 -0.10516357421875
-0.142822265625 0.3397216796875 -0.5309677124023438
-0.035400390625 0.6176986694335938 -0.3417205810546875
-0.1157073974609375 0.45030975341796875 -0.49187469482421875
-0.0585479736328125 -0.22486114501953125 -0.21520233154296875
-0.1309814453125 -0.10483551025390625 -0.4085235595703125
-0.1618194580078125 0.1018218994140625 -0.5240707397460938
-0.0589141845703125 -0.1317901611328125 0.04363250732421875
-0.125396728515625 0.553070068359375 -0.2566680908203125
-0.2284088134765625 0.13277435302734375 -0.405242919921875
-0.203277587890625 -0.03558349609375 -0.3111114501953125
-0.1442718505859375 -0.13336181640625 -0.1536102294921875
-0.225738525390625 0.2297515869140625 -0.4198150634765625
-0.190826416015625 0.41670989990234375 -0.378997802734375
-0.2191619873046875 0.24097442626953125 -0.0132904052734375
-0.2574310302734375 0.20543670654296875 -0.138641357421875
-0.2332611083984375 0.334808349609375 -0.110382080078125
-0.2138671875 0.10533905029296875 -0.01638031005859375
-0.255584716796875 0.10446929931640625 -0.2476959228515625
-0.2609710693359375 0.16811370849609375 -0.27378082275390625
-0.1754302978515625 -0.02843475341796875 -0.033721923828125
-0.18853759765625 0.463775634765625 -0.1692962646484375
-0.2500762939453125 0.304443359375 -0.2777099609375
-0.23455810546875 0.36788177490234375 -0.25531768798828125
-0.2249603271484375 0.00753021240234375 -0.15606689453125
-0.2546844482421875 0.17298126220703125 -0.125335693359375
-0.2205352783203125 0.35601043701171875 -0.08542633056640625
-0.2564544677734375 0.24015045166015625 -0.14383697509765625
-0.2439727783203125 0.30712127685546875 -0.129241943359375
-0.227294921875 0.11005401611328125 -0.0484771728515625
-0.2484283447265625 0.14510345458984375 -0.10492706298828125
-0.2056427001953125 0.24987030029296875 0.01767730712890625
-0.219146728515625 0.23700714111328125 -0.0108489990234375
-0.2193756103515625 0.2455596923828125 -0.013214111328125
