-1.9050322494525826 0.629432596309707 -0.5649439277004288
-1.6352354779100782 -3.349112567858742 -3.0204653712779934
2.219412672585044 2.394458492050439 -1.4554232566417022
-0.5845099413485801 0.3479505983276307 3.18779529868826
-1.9358541199998143 -2.863969527470018 0.7388264196620825
0.9791618046084629 -0.4337134286173254 0.48291994146270983
-0.19366149490301232 2.6869446984652985 -2.5757928763238063
-2.713362873331643 -1.2555289179039366 -2.038979750897571
0.853305020656714 1.8568398601553429 0.17268383298638088
-0.8256361510930882 -1.1142095415175644 -0.10408566711860605
-1.6853284408006104 0.43976852205430095 2.5661944795315526
0.8959047706064983 2.748261055113758 -1.941593494070313
0.28209788130532326 0.5891472877778045 0.33154801763069164
-1.8184891733290418 -1.7684053157312682 -1.4210900088442715
-2.9520140377192647 0.8817218991046336 -0.1644379420445816
-2.1935937890330726 -1.815167312739752 0.3814720073475558
-1.590522158356732 -2.459428644653277 -2.33072187267059
-0.4853318512096435 -0.09329563400916929 -0.01125042012460472
1.4049496099188201 2.0655800127244266 -0.5691117319577498
0.7876645797363983 0.0813984704432136 -0.19951637594379112
0.5275493475317848 0.06435867745388307 1.0176224494579311
-1.7108042410169888 -2.518718547364854 -3.2199802338732146
2.041500334141421 1.7328751674024387 -0.976720663545695
0.4587899471955954 2.0867983834019403 -2.045634768868311
-1.0765323563046385 -2.7923608866901652 -2.8269155722835717
0.15123250523481974 -0.3320003624648898 0.3763417079894261
0.42243524554962386 3.3290222062847294 -2.1195473170526014
1.0194083415193043 0.4607284815073285 0.5131190194142966
-2.220576404893374 -0.9241250095731348 -1.6125943119531452
-1.0955849068388643 0.7640949808980462 2.8857615421131575
1.4244741414685838 1.5135544054975811 0.0914201958481553
-2.2313236884640846 -1.6660845494134802 -2.255582012103525
1.4508214082984376 2.186381055587481 0.08554278538030916
0.8582960992524525 1.2004001964331703 0.1888776460630665
-1.0714904136997134 -0.7273640869685072 0.3584317522118582
-1.6974816148752354 -3.0627763890596746 -2.4736589778298645
-2.353585862086245 -1.5264023968605842 -1.6096297439307257
-2.386336088933097 0.7314971733872022 -0.036447015521432646
-1.2621715263828155 0.18692159817305873 2.9037410682108082
-2.3426136755772182 0.763481281420487 -0.9146379852262256
-0.1826091459164355 -0.4020311374265755 -0.38775323038161924
-1.6721931728245596 -2.3972083609004966 0.5799448853128696
0.222812449472663 0.14709584698043013 -0.004758925280223925
1.7880100160417893 2.1936270484403426 -1.156711603913372
-2.331714111208726 -1.9895657678371523 -1.3185347142166315
-2.5989423726629632 -2.149231407240954 0.5164227581104877
1.0215988690089042 2.2807734092113505 -0.23195202001784948
-2.733801342773058 -1.1452854616790191 -1.510039017325505
-1.2487798032782345 -2.7689665961827497 -3.2848179434596885
0.6599352537521599 0.28185026750926834 0.23679559579287898
1.1234522080239167 0.16418616926409102 0.14667935538868382
-1.5749292098796268 -2.8370786661904415 -2.880286022445745
-0.6998664851824838 0.46511723038891506 2.7365217843088296
1.2824940396087028 1.862250385848806 0.3870322579595934
1.9001466985671855 1.817370079583246 -1.4154304283747174
1.5928015101583186 1.8376850752362561 -0.21006927673112893
-1.1868672905573558 0.34605110494601404 2.4759543066084695
0.8587141581340649 2.3117512751205203 -2.0989956440618855
0.7163159973925715 1.5490961767843954 0.48448970817450465
1.9239264413134651 2.633909385093001 -1.2132742432249206
-2.432564996387964 -1.200128858289622 -2.384309127854057
-0.6973245830132381 -0.9722774067999874 0.30006029151146696
0.6116525875570676 0.4332816247065781 0.692374800214171
-1.258552699588162 -2.7409655492682594 -2.4232340208168446
-1.5303569260291734 0.6847718610933414 2.9054417037517237
-2.275092336231746 -1.1814835617520552 -1.9559707531498838
2.1877922202868048 2.294581361917768 -1.052816184587405
-2.7816166103479087 0.5433130209782584 -0.006778292850577239
-0.16420275766112818 -0.3382352973788496 0.05313762439085211
-1.7012237652664042 -2.463550375403933 -2.7787271367565882
-0.9685697404686622 0.41938692199728655 3.0572008980030083
-1.7131302058601086 -2.7601517165569156 0.4084223987830451
0.28627252884597654 2.1765751955700985 -2.3960411490897764
-2.5676410759396617 1.044151351209433 -0.20710541549058833
-2.5171066037489593 -1.6676168688793482 -1.9455076951176409
-2.276339817670247 -2.0344117381814613 0.7170595380544481
0.5905797323091952 2.3277010094086776 -1.75936323129004
-1.4345852206745922 0.04560521453167965 2.575699487375647
-1.057828203515973 -0.8015653880472119 -0.039939841784933226
-2.0620406924958505 0.9828155239124051 -0.7481820105799006
-2.1886565521568984 0.4282629847755429 -0.7367415075680624
-1.92443160836432 -3.1792816622514186 -2.827930259459024
-1.5186742726337037 -3.357596324281959 -2.648544107419624
1.704357056027391 1.829759503319778 -1.092432111933051
-1.8667334004728755 -2.491694893360312 0.8730227022805255
1.2341089565289474 1.8930236322069878 -0.19706901887900646
-2.5708186249688922 -1.508759485701754 -2.2652076828431973
-1.3471271640222566 -2.9944539066927387 -2.657511263179823
-2.0328212536059107 -1.3881775356054824 -1.6737266077049722
-2.3762184585232573 -2.045413596327852 0.18601873723145024
0.5028497003193372 2.401133185077237 -2.2356025301424527
1.0897918237533508 1.6139358867819917 0.06715492369452637
-1.6572022709123861 -2.724601616824404 -2.5414329639716033
-1.2794140828149418 0.4992021998309923 2.7692446380829185
-2.188051657785173 -1.5614794289543699 -1.9419084626757996
2.164179483921059 2.0915198626084135 -1.3278890223880795
-0.5031724341118907 -0.19776992175910707 -0.31803595257809286
-1.357696356195922 0.8820618042033264 2.715011095093254
-1.591869456410321 -2.8185374843374937 -3.2053310438473868
1.0133113760730157 -0.10853326371327485 0.26705790444408356
-0.7893303429492093 0.6897298374437302 2.941949537033955
1.1541354742909389 2.117054066055798 0.011948412773239561
0.7237045884929814 1.4824209070092982 0.17521619650010525
-0.9932950914548294 0.5225944920654036 2.653867979464399
-1.302504397114316 -2.924040370109943 -2.9952594804648123
-1.7442970329941143 -3.0371758013925594 -3.0521745951177164
-0.4528623864852749 0.45864404114203217 2.9139013142237538
1.9283797891529701 2.373435589244689 -1.3748059658834273
-2.560000262089215 -1.4081007631132954 -1.803913129038834
0.5882872081329377 2.5441492444374534 -1.9571766900177603
2.112395438270269 2.0123240374252243 -1.0290708182799544
-1.482467695874432 0.645052899737021 2.6008593498885304
0.5796114978828014 0.6744348888554051 0.5333086039794177
1.1612125915565032 1.931977511866877 -0.4953915151661064
-1.475561985095338 0.29578481912973287 2.7211312622804606
2.195167893405295 2.570913914640484 -1.127999887254952
-2.307242212516284 -1.4087653025135622 -2.1512145834646144
-1.0054908484372191 -2.7891467604302904 -2.5423285503412276
1.2629695080589391 2.414275993075652 -0.27349966984631163
-0.6492138311732589 0.2612622488592675 2.92955433024368
0.42920562823840513 0.16980985794384837 -0.18663631000750913
-2.596971870582772 -1.1343738958488765 -1.749224052784591
-1.760058475182121 -2.978085766135323 -2.727782461083187
-1.4929092377702615 -3.1811224147135317 -2.8588465285124625
-2.524225490703562 0.7472324867233266 0.19618269640079322
2.09664385365763 1.820620085218678 -1.2265550567383883
-1.7542760840480898 -2.653774748887672 -2.960470862215068
-2.152541638387101 -1.9485438264097592 -1.5138773028403176
-1.437345483205015 -2.5766138757327983 -2.5305591192064867
0.4098621192335935 0.2648742035306273 0.14016293329955148
-2.5734708364406846 0.5777402670508023 -0.16422582891034992
1.1475289063189233 0.3756402548616246 0.3003785217765953
-2.6929317953061847 0.8378483949296016 -0.30226220766120343
-1.4767291526511344 -2.655433926503888 -3.370269906477287
1.9128094412587036 2.1068648910798413 -1.3749816401906676
0.6307473075697452 0.4392366186539006 0.43817085165133196
-1.6499668217734278 -2.5730835059979946 0.7663603824692341
-0.7504458674096872 0.5351868073888733 3.1409091372030113
-2.6805107147779523 1.1028159078910382 0.013183203893725903
0.19471071595994516 0.3933273814484129 0.1801492781269334
-2.2110389205564323 -1.1896685947499759 -1.7116660876433207
0.8769374205955502 0.13961323782373258 0.10942798085169847
0.6481880803875779 2.11945024363109 -2.205518079140447
0.8016590377782097 2.399985830742028 -1.8721487427670622
0.8115335097843024 0.5700987515530652 0.5983817181928811
-2.5105055816683994 -1.111230209996954 -2.0553035616306095
-1.7415823132694321 -3.246761311127011 -2.647957510139393
-1.2715694249935303 -2.703510791641809 -2.700663466190747
-2.378658785123566 -2.115071788353762 0.4190663269192104
-0.2854638269501565 -0.3284714482503588 -0.15393429216783908
-2.663925726171452 -1.2977837694236387 -2.3290671469192543
0.5225312192186633 2.320516798726581 -2.0097666880506964
-1.6350099563807268 0.5024012194344305 2.794128364347244
-1.195678048352383 0.40481068622510114 2.966495745749758
-1.5220546363176743 -2.9149661713437403 -2.51727444618529
1.0056602406703774 0.1200002033367272 -0.08367019489678429
-1.5135310009033613 -3.022113343235845 -3.048047287655573
0.931064529212499 2.0031397234088493 0.011844103749893843
0.9147551641256428 1.4510544063822595 0.05088970929552446
-1.6450391543449532 -2.460963560564325 -2.5541331099431073
-2.45448252303201 -1.695469856576213 -2.1997895646857755
-1.143749861848137 -2.7816425158978735 -3.081364220546783
0.21851198651157083 -0.024505156985022147 0.14647697131825832
-1.5588887879606435 -3.0920869439511596 -2.6549988930753154
-1.4016519149746933 0.4267778022799463 2.5509235953881078
-2.392693691882679 -1.0463457214126795 -1.790043988170305
-1.8535899522696935 -3.233869648503526 -3.0336470169556
-0.7859969008532182 0.2878435717975931 3.1043183298488266
-1.2600323364108919 0.13522447874539398 2.466423320606133
-1.3077475651587622 0.6952262572503816 2.875851068101034
-0.9617774077174639 0.5481725069897014 2.8756229096436705
-1.7899789910713046 -2.7496055592777497 0.6165129581222697
1.7891752426472647 2.410917172868265 -1.2001953038125435
-2.3047497605810565 -1.8797135193688086 0.5613684436720733
1.8915724304343393 1.7609877023100244 -1.179212056525732
-2.407439652888799 -1.4127580400776334 -1.9584402117303887
-1.7126379748463856 -2.692091412390225 -2.7517100458656745
-2.3376982243850235 -1.1087181224452936 -2.180493518026781
-2.546046191485595 -1.6093379877113667 -1.5711713130773322
-1.9600818304248007 -1.8656084602582172 -1.5523356294974293
-0.6085735689093345 0.6015110087379647 2.8728285550303023
-2.0089874574300777 -2.6654560311486852 0.7220176276254411
-1.8122053421224367 -2.5737304141802513 0.4300974609659052
-0.9305612965666312 0.6289393848681386 3.090409883655382
2.077780705874247 2.517039602339551 -1.364063563766817
-1.597165697792504 -3.241222289546389 -2.4942460695191846
-1.3420872752707662 0.0599062050122563 2.7587338030370505
2.186306633682042 2.3847854635728587 -1.2375268771087105
-0.5371319986995323 0.33635742437848554 2.771987956298856
0.658918005987172 1.6459005967306983 0.3128781236172935
-1.6501471812078903 -3.3153018443061093 -2.8181131781779043
-1.1714879776705922 -2.903889284237696 -2.6051099674507676
-2.467666184012446 -1.6019787019978347 -1.7599366684919568
0.9107988862382662 1.6221700964123422 0.16157186741687324
-1.0901217881750518 0.3945291577559752 2.7944121624654956
0.7775893569273347 1.2983106140206808 0.034622369002740544
-0.8267244227507633 0.40516122203686034 2.8984024524392056
1.7947129545433937 1.9954692630938644 -1.1494461219354803
-1.5305055363699238 -2.5299054329688158 0.6038756688991507
1.0825618663363694 2.1251397323239036 -0.33163544819392454
1.0261693386039163 1.7768397232168438 0.20830138272195298
-0.8304655625190469 0.6148103087144958 2.749913916898196
-1.416573088658581 0.8386075939361496 2.9468212934658387
-1.5687964498154208 -2.8147980096263083 -2.688249844462485
-1.6909813654108443 -2.8427745322777644 -3.041491545595469
-1.7532294505096295 -2.633723243881918 0.9342796897781881
-1.7511301268739425 -2.4714316127452314 -3.0193355164947664
0.4365551559738236 2.167181224733787 -1.8734249108243506
-1.3752225320327982 -2.8164744485183753 -3.149584455085883
-2.7441378765137756 0.9409598113991497 -0.0636494205126909
-0.028484397282973695 2.67605176890021 -2.667993067741924
0.1714426526883584 2.112629563956654 -2.2605780712937316
0.5243359842541447 3.252184557053514 -2.258606314671911
-1.2596049528514257 -2.8380007185122755 -2.833021564445673
0.6315766747192956 2.5352885692643654 -2.1402747892664817
-1.4018323751633 0.2338365583411865 2.5404478659116685
1.0029318153908802 0.0026003385772580268 0.09934643235376078
-1.4182697676305078 -3.004912506506201 -2.875994978789046
-1.4201927968109942 -2.7763219435357174 -2.5853395339834457
2.0330400844130443 2.42822628883032 -1.5195185277343257
-1.8381768139860917 -3.1793082534827617 -2.505951241580692
-2.594537165259536 -1.2910522124652286 -1.6520983963197684
-1.4644138694302449 0.5756857899799966 2.773485951024413
1.8526027719307119 1.6948422409713424 -1.0125941280048767
-1.3630426501201887 0.33352955597544487 2.861016258952251
-1.1823648999295933 0.475978687777731 2.6039866264912943
0.374192025936796 2.3210256795900697 -2.115723180730542
-2.4163177031727785 -1.9189851236528543 0.7118760282265932
-2.0995403913061015 -1.9520006083002555 0.45478307086206826
-1.1395512062685131 0.5897190104984015 2.8408002166995
-1.4710322424874192 -2.624249044319438 -2.3593682859369762
-2.416351986968124 -2.210933791461216 0.5672121137074837
-2.2395525606039786 -2.1285226615800106 0.3049356465151038
-0.5949142421154124 0.5015438515895825 3.0223114233961756
-1.6642391740085472 -2.6673752472637573 -3.115484720242404
-2.1916506840174907 -1.4684845980216379 -1.6942921261518396
-2.1580042110760367 -1.5427937174831983 -2.149183319155414
-0.552422671296496 -0.19146817256390125 -0.14118491995632562
0.6940568113998695 2.341992433984565 -2.042200141712248
2.14563990865303 2.262469505337476 -1.3647912332006944
-2.6304472986897687 0.693415460250721 0.06771974463564079
0.7875393931409946 2.754707071776085 -1.804332512022527
-1.6313692609979238 -2.9970596719117024 -2.9206046765851585
-1.428640768814492 -3.091702020997322 -2.5404640365187006
-2.3997039209585598 -1.4813997135319537 -2.277301204010329
-1.5952359810095285 -2.6013404069805146 -2.6640769249052254
1.4173537970996044 2.0226208663031247 0.052221123061157074
-1.8461664179260326 -3.1174122903742276 -2.6807860277053104
0.2625162642902866 0.3033190782988807 -0.05693072755701195
-1.6377066107775005 -3.1862045068433047 -3.0655407571399578
2.035596102807724 1.7293048394935964 -1.3541160086514834
0.7902403049352675 2.630329830647259 -1.996183277780366
1.8441384797185023 1.9140186390286336 -1.291873953710227
0.8127433482212949 1.7033196215127395 0.26884188904342765
-1.1600389109157527 -2.7328749656699167 -2.5677501377275203
0.4284362838726047 2.2505295040017743 -2.255817929659717
-2.5138851082380356 -1.497812488005171 -2.1099221179406165
-0.5349500473974277 0.35085903595258894 3.0082746814241825
-1.5487688100473236 0.34317502030491087 2.583976055136015
-1.4230067814599807 0.7313921739532931 2.7549323536430093
-1.8112943218787119 -2.9958331724991516 -2.911391675601955
1.1174468619562246 2.113409116445352 -0.14354417725271368
1.161354369571613 1.510571811100691 -0.03143593214156143
-1.4290160923338904 -2.896141423910392 -2.759698971471029
-1.6585397213687023 -2.942154106473611 -2.6102170632301256
-0.954948400360468 0.7179292199043019 2.9441376215867425
-1.5813533974271 -2.5862477583750834 -2.4660915467377493
-0.6386297247562136 0.23287068454633028 3.083897038196296
-2.314811032482773 -1.603352551826964 -1.860366310385702
-1.5375995852847733 0.4987516039492935 2.5238581570564254
1.2937572764445315 1.7741499510242489 -0.2787535117194727
0.6371704697752841 0.5329647165482718 0.5654567026695086
-1.5366411025239015 -2.863233198326347 -3.0358743711766074
-1.6494645065626856 -2.6522197552459077 -3.2706709058583154
2.1265579874239373 1.862520449124797 -0.9730604975015833
2.0748764217990723 2.6513920012544077 -1.1831806458998473
-1.3304634684009446 -2.5962216504158935 -2.416629732941017
-1.725365548130179 -2.8716207924767994 -2.8805772564895795
-1.4019954053875672 -2.780332502947461 -3.2959142819852247
-1.7965711272436278 -3.249971068256313 -2.8727635295786453
-2.64107434045774 -1.3120611761885284 -1.890087104455729
1.992652818209726 2.231748349134851 -1.4091689341861935
0.5940683837791796 2.215868942237028 -2.1015839575432107
0.6607637784218041 2.347412634716333 -1.8924550621767735
-1.655383048958487 -2.5940313389634384 -2.851096010111164
0.5278668846001461 0.058722484933859884 -0.1698236654085331
0.3476620735553122 0.5723514461723428 0.46487325537215823
0.8902420479780141 0.027411509238927476 -0.10509535630183203
0.938102994833903 0.5859749224117524 0.5203730709130515
-1.2910978034159544 -2.8530031353742524 -2.678394360303163
0.9877627274470849 2.1172662324781917 -0.06992910299540488
-1.310803333421854 -2.6449932593686762 -2.569948011735435
2.121312760491463 2.1430027156623237 -1.09858949964228
-0.5500362022059624 0.48153854183026396 2.79836132324199
-1.0806360319381707 -2.814818819592216 -2.681678929820331
-1.057301807877188 0.45257627597926653 2.9333036649069033
-1.4693162768212926 0.43236655427540416 2.8048369163534828
-1.3767403697633087 0.5248852927358107 2.6626791013994278
-1.0660347619854167 0.3960793546702416 2.5647788522845567
-1.4578695989559263 0.1550395944684164 2.669895282664957
-1.4003465188190176 0.1860680225697166 2.8011147866747192
-1.1308518021640692 -2.807467835026655 -2.4466050864138307
1.9015361563309094 2.4892209522688233 -1.2463565725313912
-0.8374365718520833 0.42023032436942287 3.131204741068659
-1.2227590468822627 -2.7747461402959397 -2.9568553240799895
-2.3588328881373712 -1.6773400301695727 -2.320689414610138
2.2327579072965005 2.4275799907348667 -1.0828985013769212
0.5587524492654564 0.23707160130281188 0.14636642243282058
-1.5253446932368657 -3.2403353942157755 -2.729224708863308
-1.6344513840639325 0.39183702446080837 2.689957220881406
-2.555089157720055 -1.2652520791941613 -2.4141614703900682
-1.4570365835604546 -3.050439251609369 -2.74846058276643
-2.418150342587946 -1.6988310006761036 -2.0643259931699185
2.1310139939300377 1.980800250699961 -1.2492240456824542
-1.6915951032729435 -2.8505461396144187 -2.74301561978863
0.5823091020891489 2.373390971566044 -2.122679944529082
0.34858535062270335 0.19986953889229173 0.03466839568642277
-2.5441693683915685 0.6766751423829889 -0.03849237970216152
-2.6918184461260304 0.9194362846580427 -0.1915565712508743
2.1425114824418228 1.8555186068472165 -1.3513179573127603
-2.283786423435263 -1.3604609162834373 -1.9875045874464976
-1.4933906176787386 -3.2364932265668283 -2.584053577417088
-1.3633378538029721 -2.902193728019768 -2.557206241224526
0.5358407483168406 2.26162577204436 -1.8664339564922594
-1.5496881150902109 -3.289057383504339 -2.9202794058530808
-2.149071796534128 -1.4646890389814593 -1.823599867341057
-1.305315647643106 -2.9599306462430635 -2.7934804792122256
-0.7105144288631677 0.3547027284941967 2.8494014006227175
-2.3322858949952665 -1.061391722189593 -1.9832106447791509
-2.7095210178989944 -1.2837957183640571 -2.1716653540357926
-2.673227889770054 1.0472497079514265 -0.12198845972850642
-1.0191078554311104 0.5888462339324259 2.991561431790888
-1.5591782420642235 -3.0777007375924135 -2.5070445558197263
1.2849510572061529 1.759042523806289 0.29953902178791747
0.5166907188027872 2.457451212844476 -2.032210654448078
-0.7090270136894485 0.3968824781091228 3.171552168331809
-0.7015203534036161 0.5830752341977126 3.012128569383425
-1.74099121075421 -3.0607993751518343 -2.6192715177509447
-1.3311754089655716 0.8623784780193072 2.8458665590497763
-1.3392498425579853 0.6213823898093537 2.7615126100211764
-0.4547416353511943 0.0061356082441816895 0.07277611769977436
-1.0184536765617536 -0.7273377434303071 0.23567224699601014
1.192925655313878 2.0109727819582774 -0.10356509434698569
-0.7313025302787002 0.6776448416222497 2.8129138061435923
-2.239912830513636 -1.2739461106831518 -1.8668652275422595
-1.4067871256618738 -2.936712745324592 -3.0769460179339854
1.1649376738689823 1.99677407392413 -0.24242322197076552
1.2052844147744 1.8976845100366786 -0.3264278333373436
-1.6337580974430261 -2.9540780237824285 -3.082376293666622
-1.1733730911746325 0.3066135995996854 2.882175993466844
0.7389329841474748 2.2495450137175568 -2.1236806933041845
-1.2189713428824347 0.7880020534896197 2.848617856347241
-1.5288503829509061 -2.712792865022288 -2.518113157634204
1.125356239937258 2.029005531947767 -0.4150448098160163
-1.0913100216820717 0.5133021526048527 2.739936375507647
-1.8916791478497874 -2.745453900593949 0.7066473085254834
-1.8798640328211615 -3.128231049356502 -2.9616648181820064
-1.2911481973098362 0.2623922973623828 2.4775983797810373
-1.7557043112487118 -2.6766890404493724 0.498591372398955
-1.5172252513535525 -3.1516710520324778 -2.982996851578552
1.8505372881279865 2.2966928817761234 -1.2047787158396948
-2.66392245359513 -1.189890751022423 -1.8534087242718873
0.5389243568845269 2.0820316603750673 -2.1471370016568585
0.8584272304536971 2.3738759466384676 -1.9854733824349857
-1.442670139180267 0.7647581715925651 2.627803869912738
-1.1686996325899153 -2.8785862614702142 -2.751693615815274
-1.496167521029316 -2.8919792045655197 -3.157512317488536
-0.854962724765613 0.49509255545429 2.788947740635573
-1.2521777381852117 0.40390414428491195 2.850423282663785
-1.4635743870136426 -2.892302380080383 -2.9158217371994044
1.0493015810672255 0.11323707864021375 0.055778023677246935
1.942197395987869 1.9604576774305738 -1.357876609279561
0.5126853884962239 2.193089786821572 -2.0021133404821265
2.0190751856068503 1.7665982382501286 -1.1421527830583444
0.3199927547659838 0.16809287926917482 -0.0845605936292595
-1.5382931158726123 -2.7025848503688286 -3.2376564715605145
1.1446903803253432 0.23549397932809046 0.24840914765810376
0.2159481863605317 0.46463506722283415 0.2818786973956641
0.7032362795016107 0.6637206618015132 0.5553473121408194
1.090841402991871 0.388984489425484 0.4380798129050585
0.21977971675338465 0.3801445254939762 0.03335823912894703
0.46311351360162395 0.6648916856167028 0.4862433226478109
0.6640751511740568 0.09206461571240024 -0.2216090592325204
-1.280360084856154 0.3957010031753095 2.5647378349490744
-2.2631497032348897 -1.9916839395940324 -1.4718325942582695
-1.5409016939615487 -3.363040070497709 -2.777823620218541
-1.7197422936317392 -3.231792569266756 -2.4674685184178324
-0.9551760127411754 0.5988589722675997 2.753613288548296
-1.4774062740303622 -2.9093558086253397 -2.6445126705964865
-2.3142537903081912 -1.3983337717885036 -2.3170665098974714
-0.7643438385047079 0.31907750294852555 2.964396133494884
-2.838361166928095 0.8712925743943165 -0.11338275917010121
-0.891440523022964 0.6504339921374493 2.8529483917188525
-1.6263099634684495 -2.835200524995884 -2.4929642662838534
-1.6858938052525883 -2.51046162185567 -2.6606641320158633
-1.5202091844227585 -3.3379857926643846 -2.5184486343389003
0.6251518103989853 0.3580511461923316 0.32790915030637535
-1.7379927410307174 -3.2935917845270564 -2.9796384180727067
0.7785506828376907 0.24842154840140393 0.22605447393593198
2.179542370561061 2.4491768383593997 -1.3495524951251572
0.1978333074534357 0.09681223067054356 0.1447737536094729
-1.6730368002341318 -2.728809234944667 -2.907168804051199
-1.6728989248621482 -2.4942226817059727 -2.927576741991153
-1.677156165801361 -2.5616781112202136 -3.054374964900112
-1.1769828408583387 -2.7407695231165747 -2.767439841635446
1.9376307984837178 1.7716922270120055 -1.2959098506223399
0.712740176645521 0.5365768230192371 0.6606009802229773
-1.2642988033897056 -2.771564648389257 -3.089362494827379
-1.6684675069776467 -2.6077991003054812 -2.5672553344028666
-0.9331264015552966 0.44888517000240064 2.9471411762846724
0.9212198445946553 1.9301503734378793 0.10767493008853618
-1.111710299915464 0.4140005226489572 2.6779201030081277
-0.9039125592723934 0.6138411256836347 2.969887132888564
-1.3790166676302664 -2.6874052845456338 -2.4747658717046646
-1.2211834250442324 0.6607819068561547 2.7939994480351964
-1.0646710017686194 0.4877957405404153 3.045545707180859
-0.8776705060648512 0.5289743638723949 3.1521220690600242
-1.5883096964893106 -2.4668719148964855 -2.4511650767527264
-1.5368585931280603 -2.5331445137982898 -2.575821667415262
-1.5684616652930063 -2.9818162512192177 -2.6947054118871625
-0.8659464491022335 0.36681952785837174 3.002033521736597
0.7036196775579783 2.3830845341851457 -1.789386428872302
-1.3591437602667995 0.06961217529982955 2.489836504299742
1.8138258978849617 1.7903928218694407 -1.0821378403087665
-2.3547811392930234 -2.052719371086358 0.32330400216791644
-1.1458664156526717 -2.692324007232511 -2.454085046572813
-1.6713064315698185 -2.8022482874217425 -2.6349290723858942
-1.6215649808251267 -3.3142038845917385 -2.705463411294821
1.8706645929216124 2.1564464213258345 -1.278720949446041
-1.5580727230834586 0.582138664920581 2.8409086420304996
-2.517145632302319 -1.4738154237981358 -1.9972809737998225
-1.5727179446865798 -2.596377128030305 -3.335661949196123
-1.4883717980210023 -2.512647625383721 -2.3804811090107183
-0.797610277664778 0.6168981959374579 3.06500366433537
-2.1974478823308874 -1.5911177727466037 -2.0528457508270006
-2.1321872485428837 -1.5017462489258846 -2.0224242963337233
-2.4135538887305947 -1.6586535365743438 -1.8968474260290977
-1.0503002705463769 0.6396363349113873 2.8928582013545716
0.46928012051152496 2.3851051731437076 -2.109109388451621
1.9426317382287284 1.7556784100345042 -1.0475273529815519
-1.4229017669970019 0.7498977829269309 2.8755819850477664
-0.5355337367740511 0.3348074490477072 2.8858643591925746
-0.5498644671316893 0.4162658505391991 3.103502302734686
-2.577802129563749 0.932443233503784 -0.2236496983845147
-1.1519228707719562 0.45357985707716597 2.8709649092414393
1.976930215181965 2.341552795580516 -1.473447922014676
-1.27004387104491 0.30619688121884114 2.940239037161871
2.110155898360052 2.545478063133478 -1.196817003117802
2.132081967848708 2.4650293802280503 -1.4558482103148647
-2.2147689699951463 -1.8761973178066027 0.47315142651488085
1.700263847501616 1.9361046923017309 -1.1273460128556734
-1.6017344394334825 -3.3082647986324685 -2.5891852949086056
-2.7106088597396725 0.6275517241018272 0.012984056652602827
-0.6824258221126509 0.5800617605426364 2.788095819839524
-1.5268338772384624 -2.8105683354250424 -2.5846872835446844
-2.4952303681194308 -1.4389701733818834 -1.889673413808984
-1.3102500017347545 -2.7609278925036156 -2.5721366236947016
-2.466318049919656 -2.1262343947814464 0.5141217480704297
1.9996552548087452 2.4573864832599237 -1.4169794668175282
-1.4440656795872318 0.543875631839966 2.56336934418057
-1.1888272537182298 0.22740867836639922 2.5030517645516275
-1.364014327997637 0.018553294927614705 2.6570656338428
-2.4970734368145866 0.8004759291561145 0.10277189602340508
-1.9819592242801178 0.7030499628814859 -0.5343904845755045
1.5207917149343109 1.7685825490151288 -0.1631435357260845
-1.7420773242617997 -3.238426168480057 -3.074953543508833
-1.3343626841366183 -2.7079746226116623 -3.248422253458057
2.0454355034042044 1.8186912794735166 -1.0449859153909682
0.7128722623791252 0.46991863857624994 0.5037883588599702
-0.8206598166039578 0.7335647962130296 2.845769149304337
-1.26504130991442 -2.838180710157173 -3.1757580099637117
-1.2653297489357773 0.5750014924286753 2.8464318332071095
-2.3778857628917556 -1.1552972512793283 -2.3014670140523514
2.005185646784828 2.5645432998364313 -1.2329098075746774
-1.6155540677996254 -2.5222780849712922 -2.7425787535087176
-1.5812251593950937 -2.5650196865622443 -2.3543355815800138
-2.676292088647329 -1.1385972017900732 -1.6013005210636415
-0.44288740091281104 -0.09821882199101994 0.09741532458682023
-0.9655558571403696 -0.7198287331882138 0.3394963707835014
0.9790321743547792 0.1431736830190451 0.14365503327536802
0.593083750170602 0.3483310968110936 0.7557696326175196
1.0319906699058112 -0.023617518617633185 0.20364900798715038
0.2492783755121638 0.23424721642538748 0.05679566321790985
-1.1061700183799108 -2.8297938928845823 -2.54867708136857
-1.6293851806900417 -2.9420893401953316 -2.5010788309845076
-1.4716591121587894 0.25629617030944485 2.618670448456782
-1.7245790417888562 -2.7421246053716697 -3.0550910608480994
-1.281693503107229 -2.9680579263218925 -2.5770804895381083
-1.124103658648218 -2.7604344321323113 -2.9188157388255593
-2.326305880621779 -1.9497123415016913 0.6639691724173942
-1.6445095041675315 -2.7688450537534903 -2.792310789403722
0.6090371616354197 2.405454129757183 -2.024477472686932
-2.231561872936347 -1.6306594327645878 -2.155545504652597
0.8797213468488911 1.5284811298222176 0.12282363775423338
1.4000492476565252 2.105290895538389 0.13106183560851975
-1.2092535491115173 -2.851193246837594 -3.0356117250572554
1.827777098974075 1.836856124574206 -1.2162993980115784
-1.8343013460647257 -3.1955973014582733 -2.610442768865938
-1.8423230257490788 -3.2134491110295014 -2.7712324933549257
-1.429746671391628 -2.982057825415867 -2.5395023225457565
