-0.10377918183803558 0.016089599579572678
-0.33040332794189453 0.26510804891586304
-0.1686137616634369 0.027084525674581528
-0.1790441870689392 0.026361368596553802
-0.2465413361787796 0.12458992004394531
-0.1518850475549698 0.026492122560739517
-0.1708870530128479 0.03976288437843323
-0.2960313558578491 0.10102299600839615
-0.1838633120059967 0.042280565947294235
-0.07142093777656555 0.07368366420269012
0.05056433752179146 0.04598196595907211
0.0069991182535886765 0.029201427474617958
-0.13552682101726532 0.047100163996219635
-0.24032072722911835 0.09056058526039124
-0.19682852923870087 0.1501779407262802
-0.1453205943107605 0.022063536569476128
-0.2941940426826477 0.024115078151226044
-0.11327759921550751 0.028574658557772636
-0.2728424370288849 0.0849037915468216
-0.23516800999641418 0.07431020587682724
-1.2446260452270508 0.20096690952777863
-0.13941097259521484 0.0729309618473053
-0.20799273252487183 0.05018383637070656
-0.02169140614569187 0.08328896015882492
2.1907918453216553 0.8971937894821167
0.019911903887987137 0.05351448431611061
-0.2834082841873169 0.05329137295484543
-0.16130651533603668 0.05064746364951134
0.485293447971344 0.2563955783843994
-0.019586043432354927 0.02719222754240036
-0.18890394270420074 0.07862234115600586
0.02024317905306816 0.09284163266420364
-0.055615462362766266 0.029806118458509445
-0.23690412938594818 0.06692560017108917
-0.1293036788702011 0.12324877083301544
-0.2895914316177368 0.09892653673887253
-0.11879583448171616 0.06052820011973381
-0.02145128697156906 0.08375965803861618
-0.023451099172234535 0.06842857599258423
-0.17251676321029663 0.06914962828159332
-0.187088280916214 0.05498066544532776
0.07809589803218842 0.10707277059555054
-0.2844964861869812 0.11412467807531357
-0.09591341018676758 0.040669381618499756
-0.1424109935760498 0.13079233467578888
-0.33204907178878784 0.07740871608257294
-0.011514880694448948 0.023824596777558327
-0.17395776510238647 0.11389680951833725
-0.14879049360752106 0.04324786365032196
0.26627838611602783 0.16289322078227997
-0.12190519273281097 0.05253522843122482
-0.21083882451057434 0.050477784126996994
0.08117344975471497 0.14215636253356934
-0.08511167019605637 0.0321282222867012
-0.13059638440608978 0.041609540581703186
-0.10385067015886307 0.032118529081344604
-0.11867616325616837 0.039965953677892685
-0.16002459824085236 0.11370948702096939
0.0684920996427536 0.1925557404756546
0.001192521071061492 0.050015415996313095
-0.21877659857273102 0.10058139264583588
-0.23722749948501587 0.06990434229373932
0.1706419736146927 0.1381504088640213
-0.07039953768253326 0.09579916298389435